<?xml version="1.0"?>
<opencv_storage>
<calibration_time>"Thu Mar 14 23:58:27 2024"</calibration_time>
<nr_of_frames>7</nr_of_frames>
<image_width>1440</image_width>
<image_height>960</image_height>
<board_width>9</board_width>
<board_height>6</board_height>
<square_size>50.</square_size>
<marker_size>25.</marker_size>
<fix_aspect_ratio>1.</fix_aspect_ratio>
<!-- flags: +fix_aspectRatio +fix_principal_point +zero_tangent_dist +fix_k4 +fix_k5 -->
<flags>6158</flags>
<fisheye_model>0</fisheye_model>
<camera_matrix type_id="opencv-matrix">
  <rows>3</rows>
  <cols>3</cols>
  <dt>d</dt>
  <data>
    1.3607528265869385e+03 0. 7.1950000000000000e+02 0.
    1.3607528265869385e+03 4.7950000000000000e+02 0. 0. 1.</data></camera_matrix>
<distortion_coefficients type_id="opencv-matrix">
  <rows>5</rows>
  <cols>1</cols>
  <dt>d</dt>
  <data>
    -4.3689730700014931e-02 -1.0122144678234977e+00 0. 0.
    1.4995717097576087e+00</data></distortion_coefficients>
<avg_reprojection_error>1.2265713244090617e+00</avg_reprojection_error>
<per_view_reprojection_errors type_id="opencv-matrix">
  <rows>7</rows>
  <cols>1</cols>
  <dt>f</dt>
  <data>
    1.81019199e+00 7.31828988e-01 6.18965507e-01 1.27976561e+00
    1.83460701e+00 8.87782812e-01 7.37639725e-01</data></per_view_reprojection_errors>
<!-- a set of 6-tuples (rotation vector + translation vector) for each view -->
<extrinsic_parameters type_id="opencv-matrix">
  <rows>7</rows>
  <cols>6</cols>
  <dt>d</dt>
  <data>
    -6.4917850644852171e-01 -1.1063197798676069e-01
    3.0222078228977032e+00 -1.2304264640699436e+02
    -9.8251368218182492e+01 1.3091894428902494e+03
    -6.1449649825279706e-01 -1.5089832553955251e-01
    2.9755293915373890e+00 -3.5009602757130034e+02
    -3.3040336645533012e+02 2.2253416060511699e+03
    -5.8326872630926385e-01 5.0559072318217555e-03
    3.0259559993491774e+00 -5.5455111805816398e+02
    -2.0831891880623425e+02 2.1148328794834488e+03
    -5.8259695085970875e-01 -1.2465758835723639e-01
    3.0391463666321976e+00 -1.3703432146440085e+02
    -2.0038543367841288e+02 1.8328726707007836e+03
    2.3815546941895444e-01 -1.9823079484669873e-01
    -3.0912138980941979e+00 1.1631839808050607e+02
    1.5383580087207400e+02 7.9281681273787240e+02 5.9353990828886004e-02
    -1.2164977695969702e-01 -2.6934473440422910e+00
    8.5569811060388346e+01 1.6366462819798244e+02 1.0277501765738198e+03
    -2.8911320048655698e-01 8.5063432369629127e-02
    2.7564152716866381e+00 1.3671760269093159e+02 1.4407629957788178e+01
    9.9579903940179645e+02</data></extrinsic_parameters>
<image_points type_id="opencv-matrix">
  <rows>7</rows>
  <cols>54</cols>
  <dt>"2f"</dt>
  <data>
    5.92182739e+02 3.77647949e+02 5.41965393e+02 3.79968140e+02
    4.90105255e+02 3.82488678e+02 4.36485687e+02 3.84501862e+02
    3.82062866e+02 3.86531250e+02 3.26460754e+02 3.88392548e+02
    2.70281525e+02 3.90425964e+02 2.13214493e+02 3.92388611e+02
    1.55583618e+02 3.94271545e+02 5.90054871e+02 3.23744263e+02
    5.40140503e+02 3.25713654e+02 4.88394745e+02 3.27405212e+02
    4.35285980e+02 3.29186951e+02 3.80958344e+02 3.30685638e+02
    3.25588318e+02 3.32403534e+02 2.69372375e+02 3.33942078e+02
    2.12705872e+02 3.35426788e+02 1.55213898e+02 3.37182800e+02
    5.88194275e+02 2.70657104e+02 5.37824158e+02 2.71658234e+02
    4.86710022e+02 2.72813538e+02 4.33951447e+02 2.73967926e+02
    3.79801910e+02 2.75277344e+02 3.24685547e+02 2.76422394e+02
    2.68530304e+02 2.77501129e+02 2.12468231e+02 2.78670593e+02
    1.55450455e+02 2.80098145e+02 5.83700562e+02 2.18399612e+02
    5.35356995e+02 2.18628662e+02 4.85443909e+02 2.18647491e+02
    4.32695038e+02 2.19364670e+02 3.78773621e+02 2.19886932e+02
    3.23731354e+02 2.20626343e+02 2.67879578e+02 2.21600189e+02
    2.11888245e+02 2.22570358e+02 1.55354095e+02 2.23564911e+02
    5.81334229e+02 1.66821762e+02 5.32683350e+02 1.66288620e+02
    4.82715515e+02 1.65830963e+02 4.31322845e+02 1.64960419e+02
    3.77695374e+02 1.65223358e+02 3.22776459e+02 1.65645172e+02
    2.67224579e+02 1.66378250e+02 2.11498856e+02 1.67242386e+02
    1.55272202e+02 1.68165619e+02 5.78439758e+02 1.15653778e+02
    5.30312500e+02 1.14518913e+02 4.80830200e+02 1.13096550e+02
    4.29536316e+02 1.11580765e+02 3.76596466e+02 1.10642403e+02
    3.21810516e+02 1.10766098e+02 2.66576874e+02 1.11582733e+02
    2.11392975e+02 1.12660561e+02 1.55945724e+02 1.13823013e+02
    5.06313477e+02 2.77983978e+02 4.76758728e+02 2.80238647e+02
    4.46600861e+02 2.82627869e+02 4.15700500e+02 2.84936249e+02
    3.84717987e+02 2.87483490e+02 3.53203735e+02 2.89799652e+02
    3.21498383e+02 2.92141510e+02 2.89650085e+02 2.94570557e+02
    2.57619476e+02 2.96743195e+02 5.03588684e+02 2.47093964e+02
    4.74223633e+02 2.49309311e+02 4.44200134e+02 2.51388443e+02
    4.13390778e+02 2.53663986e+02 3.82518890e+02 2.55805923e+02
    3.50942322e+02 2.57960266e+02 3.19367920e+02 2.60202759e+02
    2.87434296e+02 2.62581604e+02 2.55523849e+02 2.64877960e+02
    5.01065979e+02 2.16458298e+02 4.71465210e+02 2.18321838e+02
    4.41598633e+02 2.20278976e+02 4.11082367e+02 2.22182632e+02
    3.80112244e+02 2.24168259e+02 3.48663269e+02 2.26284683e+02
    3.16872681e+02 2.28481949e+02 2.85468475e+02 2.30775085e+02
    2.53541183e+02 2.33122375e+02 4.97409454e+02 1.86294205e+02
    4.68535400e+02 1.87718506e+02 4.39304901e+02 1.89000992e+02
    4.08594940e+02 1.90797165e+02 3.77657959e+02 1.92855392e+02
    3.46371338e+02 1.94740005e+02 3.14707672e+02 1.96835983e+02
    2.83200836e+02 1.99136185e+02 2.51447784e+02 2.01282547e+02
    4.94528961e+02 1.56377548e+02 4.65603790e+02 1.57529984e+02
    4.36217072e+02 1.58607742e+02 4.06327942e+02 1.59746292e+02
    3.75337830e+02 1.61442459e+02 3.44164185e+02 1.63490936e+02
    3.12624207e+02 1.65575897e+02 2.81204590e+02 1.67699936e+02
    2.49417068e+02 1.69977295e+02 4.91585175e+02 1.26457565e+02
    4.62731415e+02 1.27504150e+02 4.33514893e+02 1.28234085e+02
    4.03526459e+02 1.29373703e+02 3.73045715e+02 1.30385544e+02
    3.41847473e+02 1.32186646e+02 3.10446014e+02 1.34468155e+02
    2.79073883e+02 1.36590775e+02 2.47719391e+02 1.39182724e+02
    3.64470245e+02 3.45737946e+02 3.33134888e+02 3.47387207e+02
    3.01345459e+02 3.48579865e+02 2.69187042e+02 3.50185669e+02
    2.37148712e+02 3.51405304e+02 2.04715637e+02 3.52590698e+02
    1.72266190e+02 3.53875153e+02 1.39566315e+02 3.55397919e+02
    1.07152176e+02 3.56495575e+02 3.63407654e+02 3.14068451e+02
    3.32167175e+02 3.15604553e+02 3.00343201e+02 3.16749176e+02
    2.68305908e+02 3.17884766e+02 2.36166473e+02 3.19459747e+02
    2.03778381e+02 3.20465393e+02 1.71380463e+02 3.21787140e+02
    1.38945847e+02 3.22867706e+02 1.06393631e+02 3.24210083e+02
    3.62325439e+02 2.82606140e+02 3.31050476e+02 2.83797607e+02
    2.99338959e+02 2.84986572e+02 2.67374847e+02 2.86256409e+02
    2.35244553e+02 2.87242126e+02 2.03016891e+02 2.88387238e+02
    1.70579254e+02 2.89475250e+02 1.38425812e+02 2.90759247e+02
    1.06359253e+02 2.91770355e+02 3.60928192e+02 2.51314941e+02
    3.29930054e+02 2.52285995e+02 2.98449799e+02 2.53185623e+02
    2.66432861e+02 2.54170502e+02 2.34450043e+02 2.55153397e+02
    2.02293076e+02 2.56219788e+02 1.69950394e+02 2.57357971e+02
    1.38055695e+02 2.58460754e+02 1.05663292e+02 2.59524231e+02
    3.59857574e+02 2.20269211e+02 3.28828613e+02 2.20966156e+02
    2.97439270e+02 2.21695145e+02 2.65492859e+02 2.22438660e+02
    2.33450821e+02 2.23373383e+02 2.01435394e+02 2.24342377e+02
    1.69434784e+02 2.25384689e+02 1.37549179e+02 2.26450638e+02
    1.05541504e+02 2.27585419e+02 3.58724457e+02 1.89364487e+02
    3.27771149e+02 1.89885864e+02 2.96536285e+02 1.90388336e+02
    2.64564941e+02 1.90804581e+02 2.32621048e+02 1.91513718e+02
    2.00563004e+02 1.92458496e+02 1.68816132e+02 1.93601578e+02
    1.37425934e+02 1.94732147e+02 1.06037239e+02 1.95966690e+02
    6.19620422e+02 3.31973846e+02 5.83223572e+02 3.32675110e+02
    5.45830444e+02 3.33658600e+02 5.07773712e+02 3.34485138e+02
